2026-02-04 16:45:35.250 [main] ERROR log_rotating.LogRotateTest - ERROR 기록 중... 번호: 14831
2026-02-04 16:45:35.318 [main] ERROR log_rotating.LogRotateTest - ERROR 기록 중... 번호: 14832
2026-02-04 16:45:35.320 [main] ERROR log_rotating.LogRotateTest - ERROR 기록 중... 번호: 14833
2026-02-04 16:45:35.323 [main] ERROR log_rotating.LogRotateTest - ERROR 기록 중... 번호: 14834
2026-02-04 16:45:35.327 [main] ERROR log_rotating.LogRotateTest - ERROR 기록 중... 번호: 14835
2026-02-04 16:45:35.329 [main] ERROR log_rotating.LogRotateTest - ERROR 기록 중... 번호: 14836
2026-02-04 16:45:35.331 [main] ERROR log_rotating.LogRotateTest - ERROR 기록 중... 번호: 14837
2026-02-04 16:45:35.333 [main] ERROR log_rotating.LogRotateTest - ERROR 기록 중... 번호: 14838
2026-02-04 16:45:35.336 [main] ERROR log_rotating.LogRotateTest - ERROR 기록 중... 번호: 14839
2026-02-04 16:45:35.338 [main] ERROR log_rotating.LogRotateTest - ERROR 기록 중... 번호: 14840
2026-02-04 16:45:35.341 [main] ERROR log_rotating.LogRotateTest - ERROR 기록 중... 번호: 14841
2026-02-04 16:45:35.343 [main] ERROR log_rotating.LogRotateTest - ERROR 기록 중... 번호: 14842
2026-02-04 16:45:35.345 [main] ERROR log_rotating.LogRotateTest - ERROR 기록 중... 번호: 14843
2026-02-04 16:45:35.347 [main] ERROR log_rotating.LogRotateTest - ERROR 기록 중... 번호: 14844
2026-02-04 16:45:35.349 [main] ERROR log_rotating.LogRotateTest - ERROR 기록 중... 번호: 14845
2026-02-04 16:45:35.351 [main] ERROR log_rotating.LogRotateTest - ERROR 기록 중... 번호: 14846
2026-02-04 16:45:35.353 [main] ERROR log_rotating.LogRotateTest - ERROR 기록 중... 번호: 14847
2026-02-04 16:45:35.355 [main] ERROR log_rotating.LogRotateTest - ERROR 기록 중... 번호: 14848
2026-02-04 16:45:35.357 [main] ERROR log_rotating.LogRotateTest - ERROR 기록 중... 번호: 14849
2026-02-04 16:45:35.359 [main] ERROR log_rotating.LogRotateTest - ERROR 기록 중... 번호: 14850
2026-02-04 16:45:35.361 [main] ERROR log_rotating.LogRotateTest - ERROR 기록 중... 번호: 14851
2026-02-04 16:45:35.363 [main] ERROR log_rotating.LogRotateTest - ERROR 기록 중... 번호: 14852
2026-02-04 16:45:35.365 [main] ERROR log_rotating.LogRotateTest - ERROR 기록 중... 번호: 14853
2026-02-04 16:45:35.367 [main] ERROR log_rotating.LogRotateTest - ERROR 기록 중... 번호: 14854
2026-02-04 16:45:35.369 [main] ERROR log_rotating.LogRotateTest - ERROR 기록 중... 번호: 14855
2026-02-04 16:45:35.371 [main] ERROR log_rotating.LogRotateTest - ERROR 기록 중... 번호: 14856
2026-02-04 16:45:35.373 [main] ERROR log_rotating.LogRotateTest - ERROR 기록 중... 번호: 14857
2026-02-04 16:45:35.375 [main] ERROR log_rotating.LogRotateTest - ERROR 기록 중... 번호: 14858
2026-02-04 16:45:35.377 [main] ERROR log_rotating.LogRotateTest - ERROR 기록 중... 번호: 14859
2026-02-04 16:45:35.379 [main] ERROR log_rotating.LogRotateTest - ERROR 기록 중... 번호: 14860
2026-02-04 16:45:35.381 [main] ERROR log_rotating.LogRotateTest - ERROR 기록 중... 번호: 14861
2026-02-04 16:45:35.384 [main] ERROR log_rotating.LogRotateTest - ERROR 기록 중... 번호: 14862
2026-02-04 16:45:35.387 [main] ERROR log_rotating.LogRotateTest - ERROR 기록 중... 번호: 14863
2026-02-04 16:45:35.391 [main] ERROR log_rotating.LogRotateTest - ERROR 기록 중... 번호: 14864
2026-02-04 16:45:35.393 [main] ERROR log_rotating.LogRotateTest - ERROR 기록 중... 번호: 14865
2026-02-04 16:45:35.395 [main] ERROR log_rotating.LogRotateTest - ERROR 기록 중... 번호: 14866
2026-02-04 16:45:35.397 [main] ERROR log_rotating.LogRotateTest - ERROR 기록 중... 번호: 14867
2026-02-04 16:45:35.399 [main] ERROR log_rotating.LogRotateTest - ERROR 기록 중... 번호: 14868
2026-02-04 16:45:35.401 [main] ERROR log_rotating.LogRotateTest - ERROR 기록 중... 번호: 14869
2026-02-04 16:45:35.403 [main] ERROR log_rotating.LogRotateTest - ERROR 기록 중... 번호: 14870
2026-02-04 16:45:35.405 [main] ERROR log_rotating.LogRotateTest - ERROR 기록 중... 번호: 14871
2026-02-04 16:45:35.407 [main] ERROR log_rotating.LogRotateTest - ERROR 기록 중... 번호: 14872
2026-02-04 16:45:35.409 [main] ERROR log_rotating.LogRotateTest - ERROR 기록 중... 번호: 14873
2026-02-04 16:45:35.411 [main] ERROR log_rotating.LogRotateTest - ERROR 기록 중... 번호: 14874
2026-02-04 16:45:35.413 [main] ERROR log_rotating.LogRotateTest - ERROR 기록 중... 번호: 14875
2026-02-04 16:45:35.415 [main] ERROR log_rotating.LogRotateTest - ERROR 기록 중... 번호: 14876
2026-02-04 16:45:35.417 [main] ERROR log_rotating.LogRotateTest - ERROR 기록 중... 번호: 14877
2026-02-04 16:45:35.419 [main] ERROR log_rotating.LogRotateTest - ERROR 기록 중... 번호: 14878
2026-02-04 16:45:35.421 [main] ERROR log_rotating.LogRotateTest - ERROR 기록 중... 번호: 14879
2026-02-04 16:45:35.423 [main] ERROR log_rotating.LogRotateTest - ERROR 기록 중... 번호: 14880
2026-02-04 16:45:35.491 [main] ERROR log_rotating.LogRotateTest - ERROR 기록 중... 번호: 14881
2026-02-04 16:45:35.494 [main] ERROR log_rotating.LogRotateTest - ERROR 기록 중... 번호: 14882
2026-02-04 16:45:35.497 [main] ERROR log_rotating.LogRotateTest - ERROR 기록 중... 번호: 14883
2026-02-04 16:45:35.500 [main] ERROR log_rotating.LogRotateTest - ERROR 기록 중... 번호: 14884
2026-02-04 16:45:35.502 [main] ERROR log_rotating.LogRotateTest - ERROR 기록 중... 번호: 14885
2026-02-04 16:45:35.505 [main] ERROR log_rotating.LogRotateTest - ERROR 기록 중... 번호: 14886
2026-02-04 16:45:35.507 [main] ERROR log_rotating.LogRotateTest - ERROR 기록 중... 번호: 14887
2026-02-04 16:45:35.510 [main] ERROR log_rotating.LogRotateTest - ERROR 기록 중... 번호: 14888
2026-02-04 16:45:35.512 [main] ERROR log_rotating.LogRotateTest - ERROR 기록 중... 번호: 14889
2026-02-04 16:45:35.515 [main] ERROR log_rotating.LogRotateTest - ERROR 기록 중... 번호: 14890
2026-02-04 16:45:35.517 [main] ERROR log_rotating.LogRotateTest - ERROR 기록 중... 번호: 14891
2026-02-04 16:45:35.519 [main] ERROR log_rotating.LogRotateTest - ERROR 기록 중... 번호: 14892
2026-02-04 16:45:35.522 [main] ERROR log_rotating.LogRotateTest - ERROR 기록 중... 번호: 14893
2026-02-04 16:45:35.524 [main] ERROR log_rotating.LogRotateTest - ERROR 기록 중... 번호: 14894
2026-02-04 16:45:35.527 [main] ERROR log_rotating.LogRotateTest - ERROR 기록 중... 번호: 14895
2026-02-04 16:45:35.529 [main] ERROR log_rotating.LogRotateTest - ERROR 기록 중... 번호: 14896
2026-02-04 16:45:35.531 [main] ERROR log_rotating.LogRotateTest - ERROR 기록 중... 번호: 14897
2026-02-04 16:45:35.533 [main] ERROR log_rotating.LogRotateTest - ERROR 기록 중... 번호: 14898
2026-02-04 16:45:35.536 [main] ERROR log_rotating.LogRotateTest - ERROR 기록 중... 번호: 14899
2026-02-04 16:45:35.539 [main] ERROR log_rotating.LogRotateTest - ERROR 기록 중... 번호: 14900
2026-02-04 16:45:35.541 [main] ERROR log_rotating.LogRotateTest - ERROR 기록 중... 번호: 14901
2026-02-04 16:45:35.543 [main] ERROR log_rotating.LogRotateTest - ERROR 기록 중... 번호: 14902
2026-02-04 16:45:35.546 [main] ERROR log_rotating.LogRotateTest - ERROR 기록 중... 번호: 14903
2026-02-04 16:45:35.548 [main] ERROR log_rotating.LogRotateTest - ERROR 기록 중... 번호: 14904
2026-02-04 16:45:35.550 [main] ERROR log_rotating.LogRotateTest - ERROR 기록 중... 번호: 14905
2026-02-04 16:45:35.552 [main] ERROR log_rotating.LogRotateTest - ERROR 기록 중... 번호: 14906
2026-02-04 16:45:35.554 [main] ERROR log_rotating.LogRotateTest - ERROR 기록 중... 번호: 14907
2026-02-04 16:45:35.557 [main] ERROR log_rotating.LogRotateTest - ERROR 기록 중... 번호: 14908
2026-02-04 16:45:35.559 [main] ERROR log_rotating.LogRotateTest - ERROR 기록 중... 번호: 14909
2026-02-04 16:45:35.562 [main] ERROR log_rotating.LogRotateTest - ERROR 기록 중... 번호: 14910
2026-02-04 16:45:35.564 [main] ERROR log_rotating.LogRotateTest - ERROR 기록 중... 번호: 14911
2026-02-04 16:45:35.566 [main] ERROR log_rotating.LogRotateTest - ERROR 기록 중... 번호: 14912
2026-02-04 16:45:35.568 [main] ERROR log_rotating.LogRotateTest - ERROR 기록 중... 번호: 14913
2026-02-04 16:45:35.570 [main] ERROR log_rotating.LogRotateTest - ERROR 기록 중... 번호: 14914
2026-02-04 16:45:35.572 [main] ERROR log_rotating.LogRotateTest - ERROR 기록 중... 번호: 14915
2026-02-04 16:45:35.574 [main] ERROR log_rotating.LogRotateTest - ERROR 기록 중... 번호: 14916
2026-02-04 16:45:35.576 [main] ERROR log_rotating.LogRotateTest - ERROR 기록 중... 번호: 14917
2026-02-04 16:45:35.578 [main] ERROR log_rotating.LogRotateTest - ERROR 기록 중... 번호: 14918
2026-02-04 16:45:35.580 [main] ERROR log_rotating.LogRotateTest - ERROR 기록 중... 번호: 14919
2026-02-04 16:45:35.583 [main] ERROR log_rotating.LogRotateTest - ERROR 기록 중... 번호: 14920
2026-02-04 16:45:35.585 [main] ERROR log_rotating.LogRotateTest - ERROR 기록 중... 번호: 14921
2026-02-04 16:45:35.587 [main] ERROR log_rotating.LogRotateTest - ERROR 기록 중... 번호: 14922
2026-02-04 16:45:35.589 [main] ERROR log_rotating.LogRotateTest - ERROR 기록 중... 번호: 14923
2026-02-04 16:45:35.592 [main] ERROR log_rotating.LogRotateTest - ERROR 기록 중... 번호: 14924
2026-02-04 16:45:35.594 [main] ERROR log_rotating.LogRotateTest - ERROR 기록 중... 번호: 14925
2026-02-04 16:45:35.596 [main] ERROR log_rotating.LogRotateTest - ERROR 기록 중... 번호: 14926
2026-02-04 16:45:35.598 [main] ERROR log_rotating.LogRotateTest - ERROR 기록 중... 번호: 14927
2026-02-04 16:45:35.600 [main] ERROR log_rotating.LogRotateTest - ERROR 기록 중... 번호: 14928
2026-02-04 16:45:35.601 [main] ERROR log_rotating.LogRotateTest - ERROR 기록 중... 번호: 14929
2026-02-04 16:45:35.603 [main] ERROR log_rotating.LogRotateTest - ERROR 기록 중... 번호: 14930
2026-02-04 16:45:35.605 [main] ERROR log_rotating.LogRotateTest - ERROR 기록 중... 번호: 14931
2026-02-04 16:45:35.607 [main] ERROR log_rotating.LogRotateTest - ERROR 기록 중... 번호: 14932
2026-02-04 16:45:35.610 [main] ERROR log_rotating.LogRotateTest - ERROR 기록 중... 번호: 14933
2026-02-04 16:45:35.612 [main] ERROR log_rotating.LogRotateTest - ERROR 기록 중... 번호: 14934
2026-02-04 16:45:35.614 [main] ERROR log_rotating.LogRotateTest - ERROR 기록 중... 번호: 14935
2026-02-04 16:45:35.616 [main] ERROR log_rotating.LogRotateTest - ERROR 기록 중... 번호: 14936
2026-02-04 16:45:35.618 [main] ERROR log_rotating.LogRotateTest - ERROR 기록 중... 번호: 14937
2026-02-04 16:45:35.620 [main] ERROR log_rotating.LogRotateTest - ERROR 기록 중... 번호: 14938
2026-02-04 16:45:35.622 [main] ERROR log_rotating.LogRotateTest - ERROR 기록 중... 번호: 14939
2026-02-04 16:45:35.624 [main] ERROR log_rotating.LogRotateTest - ERROR 기록 중... 번호: 14940
2026-02-04 16:45:35.626 [main] ERROR log_rotating.LogRotateTest - ERROR 기록 중... 번호: 14941
2026-02-04 16:45:35.628 [main] ERROR log_rotating.LogRotateTest - ERROR 기록 중... 번호: 14942
2026-02-04 16:45:35.630 [main] ERROR log_rotating.LogRotateTest - ERROR 기록 중... 번호: 14943
2026-02-04 16:45:35.632 [main] ERROR log_rotating.LogRotateTest - ERROR 기록 중... 번호: 14944
2026-02-04 16:45:35.634 [main] ERROR log_rotating.LogRotateTest - ERROR 기록 중... 번호: 14945
2026-02-04 16:45:35.636 [main] ERROR log_rotating.LogRotateTest - ERROR 기록 중... 번호: 14946
2026-02-04 16:45:35.639 [main] ERROR log_rotating.LogRotateTest - ERROR 기록 중... 번호: 14947
2026-02-04 16:45:35.641 [main] ERROR log_rotating.LogRotateTest - ERROR 기록 중... 번호: 14948
2026-02-04 16:45:35.643 [main] ERROR log_rotating.LogRotateTest - ERROR 기록 중... 번호: 14949
2026-02-04 16:45:35.645 [main] ERROR log_rotating.LogRotateTest - ERROR 기록 중... 번호: 14950
2026-02-04 16:45:35.647 [main] ERROR log_rotating.LogRotateTest - ERROR 기록 중... 번호: 14951
2026-02-04 16:45:35.649 [main] ERROR log_rotating.LogRotateTest - ERROR 기록 중... 번호: 14952
2026-02-04 16:45:35.651 [main] ERROR log_rotating.LogRotateTest - ERROR 기록 중... 번호: 14953
2026-02-04 16:45:35.653 [main] ERROR log_rotating.LogRotateTest - ERROR 기록 중... 번호: 14954
2026-02-04 16:45:35.656 [main] ERROR log_rotating.LogRotateTest - ERROR 기록 중... 번호: 14955
2026-02-04 16:45:35.658 [main] ERROR log_rotating.LogRotateTest - ERROR 기록 중... 번호: 14956
2026-02-04 16:45:35.660 [main] ERROR log_rotating.LogRotateTest - ERROR 기록 중... 번호: 14957
2026-02-04 16:45:35.662 [main] ERROR log_rotating.LogRotateTest - ERROR 기록 중... 번호: 14958
2026-02-04 16:45:35.664 [main] ERROR log_rotating.LogRotateTest - ERROR 기록 중... 번호: 14959
2026-02-04 16:45:35.666 [main] ERROR log_rotating.LogRotateTest - ERROR 기록 중... 번호: 14960
2026-02-04 16:45:35.669 [main] ERROR log_rotating.LogRotateTest - ERROR 기록 중... 번호: 14961
2026-02-04 16:45:35.672 [main] ERROR log_rotating.LogRotateTest - ERROR 기록 중... 번호: 14962
2026-02-04 16:45:35.674 [main] ERROR log_rotating.LogRotateTest - ERROR 기록 중... 번호: 14963
2026-02-04 16:45:35.677 [main] ERROR log_rotating.LogRotateTest - ERROR 기록 중... 번호: 14964
2026-02-04 16:45:35.679 [main] ERROR log_rotating.LogRotateTest - ERROR 기록 중... 번호: 14965
2026-02-04 16:45:35.681 [main] ERROR log_rotating.LogRotateTest - ERROR 기록 중... 번호: 14966
2026-02-04 16:45:35.683 [main] ERROR log_rotating.LogRotateTest - ERROR 기록 중... 번호: 14967
2026-02-04 16:45:35.685 [main] ERROR log_rotating.LogRotateTest - ERROR 기록 중... 번호: 14968
2026-02-04 16:45:35.687 [main] ERROR log_rotating.LogRotateTest - ERROR 기록 중... 번호: 14969
2026-02-04 16:45:35.689 [main] ERROR log_rotating.LogRotateTest - ERROR 기록 중... 번호: 14970
2026-02-04 16:45:35.691 [main] ERROR log_rotating.LogRotateTest - ERROR 기록 중... 번호: 14971
2026-02-04 16:45:35.693 [main] ERROR log_rotating.LogRotateTest - ERROR 기록 중... 번호: 14972
2026-02-04 16:45:35.695 [main] ERROR log_rotating.LogRotateTest - ERROR 기록 중... 번호: 14973
2026-02-04 16:45:35.697 [main] ERROR log_rotating.LogRotateTest - ERROR 기록 중... 번호: 14974
2026-02-04 16:45:35.700 [main] ERROR log_rotating.LogRotateTest - ERROR 기록 중... 번호: 14975
2026-02-04 16:45:35.703 [main] ERROR log_rotating.LogRotateTest - ERROR 기록 중... 번호: 14976
2026-02-04 16:45:35.705 [main] ERROR log_rotating.LogRotateTest - ERROR 기록 중... 번호: 14977
2026-02-04 16:45:35.707 [main] ERROR log_rotating.LogRotateTest - ERROR 기록 중... 번호: 14978
2026-02-04 16:45:35.710 [main] ERROR log_rotating.LogRotateTest - ERROR 기록 중... 번호: 14979
2026-02-04 16:45:35.713 [main] ERROR log_rotating.LogRotateTest - ERROR 기록 중... 번호: 14980
2026-02-04 16:45:35.715 [main] ERROR log_rotating.LogRotateTest - ERROR 기록 중... 번호: 14981
2026-02-04 16:45:35.718 [main] ERROR log_rotating.LogRotateTest - ERROR 기록 중... 번호: 14982
2026-02-04 16:45:35.720 [main] ERROR log_rotating.LogRotateTest - ERROR 기록 중... 번호: 14983
2026-02-04 16:45:35.721 [main] ERROR log_rotating.LogRotateTest - ERROR 기록 중... 번호: 14984
2026-02-04 16:45:35.723 [main] ERROR log_rotating.LogRotateTest - ERROR 기록 중... 번호: 14985
2026-02-04 16:45:35.726 [main] ERROR log_rotating.LogRotateTest - ERROR 기록 중... 번호: 14986
2026-02-04 16:45:35.729 [main] ERROR log_rotating.LogRotateTest - ERROR 기록 중... 번호: 14987
2026-02-04 16:45:35.732 [main] ERROR log_rotating.LogRotateTest - ERROR 기록 중... 번호: 14988
2026-02-04 16:45:35.735 [main] ERROR log_rotating.LogRotateTest - ERROR 기록 중... 번호: 14989
2026-02-04 16:45:35.737 [main] ERROR log_rotating.LogRotateTest - ERROR 기록 중... 번호: 14990
2026-02-04 16:45:35.740 [main] ERROR log_rotating.LogRotateTest - ERROR 기록 중... 번호: 14991
2026-02-04 16:45:35.742 [main] ERROR log_rotating.LogRotateTest - ERROR 기록 중... 번호: 14992
2026-02-04 16:45:35.744 [main] ERROR log_rotating.LogRotateTest - ERROR 기록 중... 번호: 14993
2026-02-04 16:45:35.746 [main] ERROR log_rotating.LogRotateTest - ERROR 기록 중... 번호: 14994
2026-02-04 16:45:35.748 [main] ERROR log_rotating.LogRotateTest - ERROR 기록 중... 번호: 14995
2026-02-04 16:45:35.751 [main] ERROR log_rotating.LogRotateTest - ERROR 기록 중... 번호: 14996
2026-02-04 16:45:35.754 [main] ERROR log_rotating.LogRotateTest - ERROR 기록 중... 번호: 14997
2026-02-04 16:45:35.756 [main] ERROR log_rotating.LogRotateTest - ERROR 기록 중... 번호: 14998
2026-02-04 16:45:35.758 [main] ERROR log_rotating.LogRotateTest - ERROR 기록 중... 번호: 14999
2026-02-04 16:45:35.760 [main] ERROR log_rotating.LogRotateTest - ERROR 기록 중... 번호: 15000
