2026-02-04 16:45:35.423 [main] INFO  audit - AUDIT 기록 중... 번호: 14880
2026-02-04 16:45:35.491 [main] INFO  audit - AUDIT 기록 중... 번호: 14881
2026-02-04 16:45:35.494 [main] INFO  audit - AUDIT 기록 중... 번호: 14882
2026-02-04 16:45:35.497 [main] INFO  audit - AUDIT 기록 중... 번호: 14883
2026-02-04 16:45:35.500 [main] INFO  audit - AUDIT 기록 중... 번호: 14884
2026-02-04 16:45:35.502 [main] INFO  audit - AUDIT 기록 중... 번호: 14885
2026-02-04 16:45:35.505 [main] INFO  audit - AUDIT 기록 중... 번호: 14886
2026-02-04 16:45:35.507 [main] INFO  audit - AUDIT 기록 중... 번호: 14887
2026-02-04 16:45:35.510 [main] INFO  audit - AUDIT 기록 중... 번호: 14888
2026-02-04 16:45:35.512 [main] INFO  audit - AUDIT 기록 중... 번호: 14889
2026-02-04 16:45:35.515 [main] INFO  audit - AUDIT 기록 중... 번호: 14890
2026-02-04 16:45:35.517 [main] INFO  audit - AUDIT 기록 중... 번호: 14891
2026-02-04 16:45:35.519 [main] INFO  audit - AUDIT 기록 중... 번호: 14892
2026-02-04 16:45:35.522 [main] INFO  audit - AUDIT 기록 중... 번호: 14893
2026-02-04 16:45:35.524 [main] INFO  audit - AUDIT 기록 중... 번호: 14894
2026-02-04 16:45:35.527 [main] INFO  audit - AUDIT 기록 중... 번호: 14895
2026-02-04 16:45:35.529 [main] INFO  audit - AUDIT 기록 중... 번호: 14896
2026-02-04 16:45:35.531 [main] INFO  audit - AUDIT 기록 중... 번호: 14897
2026-02-04 16:45:35.533 [main] INFO  audit - AUDIT 기록 중... 번호: 14898
2026-02-04 16:45:35.536 [main] INFO  audit - AUDIT 기록 중... 번호: 14899
2026-02-04 16:45:35.539 [main] INFO  audit - AUDIT 기록 중... 번호: 14900
2026-02-04 16:45:35.541 [main] INFO  audit - AUDIT 기록 중... 번호: 14901
2026-02-04 16:45:35.543 [main] INFO  audit - AUDIT 기록 중... 번호: 14902
2026-02-04 16:45:35.546 [main] INFO  audit - AUDIT 기록 중... 번호: 14903
2026-02-04 16:45:35.548 [main] INFO  audit - AUDIT 기록 중... 번호: 14904
2026-02-04 16:45:35.550 [main] INFO  audit - AUDIT 기록 중... 번호: 14905
2026-02-04 16:45:35.552 [main] INFO  audit - AUDIT 기록 중... 번호: 14906
2026-02-04 16:45:35.554 [main] INFO  audit - AUDIT 기록 중... 번호: 14907
2026-02-04 16:45:35.557 [main] INFO  audit - AUDIT 기록 중... 번호: 14908
2026-02-04 16:45:35.559 [main] INFO  audit - AUDIT 기록 중... 번호: 14909
2026-02-04 16:45:35.562 [main] INFO  audit - AUDIT 기록 중... 번호: 14910
2026-02-04 16:45:35.564 [main] INFO  audit - AUDIT 기록 중... 번호: 14911
2026-02-04 16:45:35.566 [main] INFO  audit - AUDIT 기록 중... 번호: 14912
2026-02-04 16:45:35.568 [main] INFO  audit - AUDIT 기록 중... 번호: 14913
2026-02-04 16:45:35.570 [main] INFO  audit - AUDIT 기록 중... 번호: 14914
2026-02-04 16:45:35.572 [main] INFO  audit - AUDIT 기록 중... 번호: 14915
2026-02-04 16:45:35.574 [main] INFO  audit - AUDIT 기록 중... 번호: 14916
2026-02-04 16:45:35.576 [main] INFO  audit - AUDIT 기록 중... 번호: 14917
2026-02-04 16:45:35.578 [main] INFO  audit - AUDIT 기록 중... 번호: 14918
2026-02-04 16:45:35.580 [main] INFO  audit - AUDIT 기록 중... 번호: 14919
2026-02-04 16:45:35.583 [main] INFO  audit - AUDIT 기록 중... 번호: 14920
2026-02-04 16:45:35.585 [main] INFO  audit - AUDIT 기록 중... 번호: 14921
2026-02-04 16:45:35.587 [main] INFO  audit - AUDIT 기록 중... 번호: 14922
2026-02-04 16:45:35.589 [main] INFO  audit - AUDIT 기록 중... 번호: 14923
2026-02-04 16:45:35.592 [main] INFO  audit - AUDIT 기록 중... 번호: 14924
2026-02-04 16:45:35.594 [main] INFO  audit - AUDIT 기록 중... 번호: 14925
2026-02-04 16:45:35.596 [main] INFO  audit - AUDIT 기록 중... 번호: 14926
2026-02-04 16:45:35.598 [main] INFO  audit - AUDIT 기록 중... 번호: 14927
2026-02-04 16:45:35.600 [main] INFO  audit - AUDIT 기록 중... 번호: 14928
2026-02-04 16:45:35.601 [main] INFO  audit - AUDIT 기록 중... 번호: 14929
2026-02-04 16:45:35.603 [main] INFO  audit - AUDIT 기록 중... 번호: 14930
2026-02-04 16:45:35.605 [main] INFO  audit - AUDIT 기록 중... 번호: 14931
2026-02-04 16:45:35.607 [main] INFO  audit - AUDIT 기록 중... 번호: 14932
2026-02-04 16:45:35.610 [main] INFO  audit - AUDIT 기록 중... 번호: 14933
2026-02-04 16:45:35.612 [main] INFO  audit - AUDIT 기록 중... 번호: 14934
2026-02-04 16:45:35.614 [main] INFO  audit - AUDIT 기록 중... 번호: 14935
2026-02-04 16:45:35.616 [main] INFO  audit - AUDIT 기록 중... 번호: 14936
2026-02-04 16:45:35.618 [main] INFO  audit - AUDIT 기록 중... 번호: 14937
2026-02-04 16:45:35.620 [main] INFO  audit - AUDIT 기록 중... 번호: 14938
2026-02-04 16:45:35.622 [main] INFO  audit - AUDIT 기록 중... 번호: 14939
2026-02-04 16:45:35.624 [main] INFO  audit - AUDIT 기록 중... 번호: 14940
2026-02-04 16:45:35.626 [main] INFO  audit - AUDIT 기록 중... 번호: 14941
2026-02-04 16:45:35.628 [main] INFO  audit - AUDIT 기록 중... 번호: 14942
2026-02-04 16:45:35.630 [main] INFO  audit - AUDIT 기록 중... 번호: 14943
2026-02-04 16:45:35.632 [main] INFO  audit - AUDIT 기록 중... 번호: 14944
2026-02-04 16:45:35.634 [main] INFO  audit - AUDIT 기록 중... 번호: 14945
2026-02-04 16:45:35.636 [main] INFO  audit - AUDIT 기록 중... 번호: 14946
2026-02-04 16:45:35.639 [main] INFO  audit - AUDIT 기록 중... 번호: 14947
2026-02-04 16:45:35.641 [main] INFO  audit - AUDIT 기록 중... 번호: 14948
2026-02-04 16:45:35.643 [main] INFO  audit - AUDIT 기록 중... 번호: 14949
2026-02-04 16:45:35.645 [main] INFO  audit - AUDIT 기록 중... 번호: 14950
2026-02-04 16:45:35.647 [main] INFO  audit - AUDIT 기록 중... 번호: 14951
2026-02-04 16:45:35.649 [main] INFO  audit - AUDIT 기록 중... 번호: 14952
2026-02-04 16:45:35.651 [main] INFO  audit - AUDIT 기록 중... 번호: 14953
2026-02-04 16:45:35.653 [main] INFO  audit - AUDIT 기록 중... 번호: 14954
2026-02-04 16:45:35.656 [main] INFO  audit - AUDIT 기록 중... 번호: 14955
2026-02-04 16:45:35.658 [main] INFO  audit - AUDIT 기록 중... 번호: 14956
2026-02-04 16:45:35.660 [main] INFO  audit - AUDIT 기록 중... 번호: 14957
2026-02-04 16:45:35.662 [main] INFO  audit - AUDIT 기록 중... 번호: 14958
2026-02-04 16:45:35.664 [main] INFO  audit - AUDIT 기록 중... 번호: 14959
2026-02-04 16:45:35.666 [main] INFO  audit - AUDIT 기록 중... 번호: 14960
2026-02-04 16:45:35.669 [main] INFO  audit - AUDIT 기록 중... 번호: 14961
2026-02-04 16:45:35.672 [main] INFO  audit - AUDIT 기록 중... 번호: 14962
2026-02-04 16:45:35.674 [main] INFO  audit - AUDIT 기록 중... 번호: 14963
2026-02-04 16:45:35.677 [main] INFO  audit - AUDIT 기록 중... 번호: 14964
2026-02-04 16:45:35.679 [main] INFO  audit - AUDIT 기록 중... 번호: 14965
2026-02-04 16:45:35.681 [main] INFO  audit - AUDIT 기록 중... 번호: 14966
2026-02-04 16:45:35.683 [main] INFO  audit - AUDIT 기록 중... 번호: 14967
2026-02-04 16:45:35.685 [main] INFO  audit - AUDIT 기록 중... 번호: 14968
2026-02-04 16:45:35.687 [main] INFO  audit - AUDIT 기록 중... 번호: 14969
2026-02-04 16:45:35.689 [main] INFO  audit - AUDIT 기록 중... 번호: 14970
2026-02-04 16:45:35.691 [main] INFO  audit - AUDIT 기록 중... 번호: 14971
2026-02-04 16:45:35.693 [main] INFO  audit - AUDIT 기록 중... 번호: 14972
2026-02-04 16:45:35.695 [main] INFO  audit - AUDIT 기록 중... 번호: 14973
2026-02-04 16:45:35.697 [main] INFO  audit - AUDIT 기록 중... 번호: 14974
2026-02-04 16:45:35.700 [main] INFO  audit - AUDIT 기록 중... 번호: 14975
2026-02-04 16:45:35.703 [main] INFO  audit - AUDIT 기록 중... 번호: 14976
2026-02-04 16:45:35.705 [main] INFO  audit - AUDIT 기록 중... 번호: 14977
2026-02-04 16:45:35.707 [main] INFO  audit - AUDIT 기록 중... 번호: 14978
2026-02-04 16:45:35.710 [main] INFO  audit - AUDIT 기록 중... 번호: 14979
2026-02-04 16:45:35.713 [main] INFO  audit - AUDIT 기록 중... 번호: 14980
2026-02-04 16:45:35.715 [main] INFO  audit - AUDIT 기록 중... 번호: 14981
2026-02-04 16:45:35.718 [main] INFO  audit - AUDIT 기록 중... 번호: 14982
2026-02-04 16:45:35.720 [main] INFO  audit - AUDIT 기록 중... 번호: 14983
2026-02-04 16:45:35.721 [main] INFO  audit - AUDIT 기록 중... 번호: 14984
2026-02-04 16:45:35.723 [main] INFO  audit - AUDIT 기록 중... 번호: 14985
2026-02-04 16:45:35.726 [main] INFO  audit - AUDIT 기록 중... 번호: 14986
2026-02-04 16:45:35.729 [main] INFO  audit - AUDIT 기록 중... 번호: 14987
2026-02-04 16:45:35.732 [main] INFO  audit - AUDIT 기록 중... 번호: 14988
2026-02-04 16:45:35.735 [main] INFO  audit - AUDIT 기록 중... 번호: 14989
2026-02-04 16:45:35.737 [main] INFO  audit - AUDIT 기록 중... 번호: 14990
2026-02-04 16:45:35.740 [main] INFO  audit - AUDIT 기록 중... 번호: 14991
2026-02-04 16:45:35.742 [main] INFO  audit - AUDIT 기록 중... 번호: 14992
2026-02-04 16:45:35.744 [main] INFO  audit - AUDIT 기록 중... 번호: 14993
2026-02-04 16:45:35.746 [main] INFO  audit - AUDIT 기록 중... 번호: 14994
2026-02-04 16:45:35.748 [main] INFO  audit - AUDIT 기록 중... 번호: 14995
2026-02-04 16:45:35.751 [main] INFO  audit - AUDIT 기록 중... 번호: 14996
2026-02-04 16:45:35.754 [main] INFO  audit - AUDIT 기록 중... 번호: 14997
2026-02-04 16:45:35.756 [main] INFO  audit - AUDIT 기록 중... 번호: 14998
2026-02-04 16:45:35.758 [main] INFO  audit - AUDIT 기록 중... 번호: 14999
2026-02-04 16:45:35.760 [main] INFO  audit - AUDIT 기록 중... 번호: 15000
