2026-02-04 16:45:34.700 [main] INFO  log_rotating.LogRotateTest - APP 기록 중... 번호: 14611
2026-02-04 16:45:34.767 [main] INFO  log_rotating.LogRotateTest - APP 기록 중... 번호: 14612
2026-02-04 16:45:34.769 [main] INFO  log_rotating.LogRotateTest - APP 기록 중... 번호: 14613
2026-02-04 16:45:34.771 [main] INFO  log_rotating.LogRotateTest - APP 기록 중... 번호: 14614
2026-02-04 16:45:34.774 [main] INFO  log_rotating.LogRotateTest - APP 기록 중... 번호: 14615
2026-02-04 16:45:34.777 [main] INFO  log_rotating.LogRotateTest - APP 기록 중... 번호: 14616
2026-02-04 16:45:34.779 [main] INFO  log_rotating.LogRotateTest - APP 기록 중... 번호: 14617
2026-02-04 16:45:34.781 [main] INFO  log_rotating.LogRotateTest - APP 기록 중... 번호: 14618
2026-02-04 16:45:34.784 [main] INFO  log_rotating.LogRotateTest - APP 기록 중... 번호: 14619
2026-02-04 16:45:34.786 [main] INFO  log_rotating.LogRotateTest - APP 기록 중... 번호: 14620
2026-02-04 16:45:34.788 [main] INFO  log_rotating.LogRotateTest - APP 기록 중... 번호: 14621
2026-02-04 16:45:34.791 [main] INFO  log_rotating.LogRotateTest - APP 기록 중... 번호: 14622
2026-02-04 16:45:34.793 [main] INFO  log_rotating.LogRotateTest - APP 기록 중... 번호: 14623
2026-02-04 16:45:34.795 [main] INFO  log_rotating.LogRotateTest - APP 기록 중... 번호: 14624
2026-02-04 16:45:34.798 [main] INFO  log_rotating.LogRotateTest - APP 기록 중... 번호: 14625
2026-02-04 16:45:34.799 [main] INFO  log_rotating.LogRotateTest - APP 기록 중... 번호: 14626
2026-02-04 16:45:34.801 [main] INFO  log_rotating.LogRotateTest - APP 기록 중... 번호: 14627
2026-02-04 16:45:34.803 [main] INFO  log_rotating.LogRotateTest - APP 기록 중... 번호: 14628
2026-02-04 16:45:34.805 [main] INFO  log_rotating.LogRotateTest - APP 기록 중... 번호: 14629
2026-02-04 16:45:34.808 [main] INFO  log_rotating.LogRotateTest - APP 기록 중... 번호: 14630
2026-02-04 16:45:34.810 [main] INFO  log_rotating.LogRotateTest - APP 기록 중... 번호: 14631
2026-02-04 16:45:34.812 [main] INFO  log_rotating.LogRotateTest - APP 기록 중... 번호: 14632
2026-02-04 16:45:34.814 [main] INFO  log_rotating.LogRotateTest - APP 기록 중... 번호: 14633
2026-02-04 16:45:34.816 [main] INFO  log_rotating.LogRotateTest - APP 기록 중... 번호: 14634
2026-02-04 16:45:34.819 [main] INFO  log_rotating.LogRotateTest - APP 기록 중... 번호: 14635
2026-02-04 16:45:34.821 [main] INFO  log_rotating.LogRotateTest - APP 기록 중... 번호: 14636
2026-02-04 16:45:34.823 [main] INFO  log_rotating.LogRotateTest - APP 기록 중... 번호: 14637
2026-02-04 16:45:34.825 [main] INFO  log_rotating.LogRotateTest - APP 기록 중... 번호: 14638
2026-02-04 16:45:34.827 [main] INFO  log_rotating.LogRotateTest - APP 기록 중... 번호: 14639
2026-02-04 16:45:34.830 [main] INFO  log_rotating.LogRotateTest - APP 기록 중... 번호: 14640
2026-02-04 16:45:34.833 [main] INFO  log_rotating.LogRotateTest - APP 기록 중... 번호: 14641
2026-02-04 16:45:34.835 [main] INFO  log_rotating.LogRotateTest - APP 기록 중... 번호: 14642
2026-02-04 16:45:34.837 [main] INFO  log_rotating.LogRotateTest - APP 기록 중... 번호: 14643
2026-02-04 16:45:34.839 [main] INFO  log_rotating.LogRotateTest - APP 기록 중... 번호: 14644
2026-02-04 16:45:34.841 [main] INFO  log_rotating.LogRotateTest - APP 기록 중... 번호: 14645
2026-02-04 16:45:34.843 [main] INFO  log_rotating.LogRotateTest - APP 기록 중... 번호: 14646
2026-02-04 16:45:34.845 [main] INFO  log_rotating.LogRotateTest - APP 기록 중... 번호: 14647
2026-02-04 16:45:34.848 [main] INFO  log_rotating.LogRotateTest - APP 기록 중... 번호: 14648
2026-02-04 16:45:34.851 [main] INFO  log_rotating.LogRotateTest - APP 기록 중... 번호: 14649
2026-02-04 16:45:34.853 [main] INFO  log_rotating.LogRotateTest - APP 기록 중... 번호: 14650
2026-02-04 16:45:34.855 [main] INFO  log_rotating.LogRotateTest - APP 기록 중... 번호: 14651
2026-02-04 16:45:34.857 [main] INFO  log_rotating.LogRotateTest - APP 기록 중... 번호: 14652
2026-02-04 16:45:34.859 [main] INFO  log_rotating.LogRotateTest - APP 기록 중... 번호: 14653
2026-02-04 16:45:34.861 [main] INFO  log_rotating.LogRotateTest - APP 기록 중... 번호: 14654
2026-02-04 16:45:34.863 [main] INFO  log_rotating.LogRotateTest - APP 기록 중... 번호: 14655
2026-02-04 16:45:34.865 [main] INFO  log_rotating.LogRotateTest - APP 기록 중... 번호: 14656
2026-02-04 16:45:34.867 [main] INFO  log_rotating.LogRotateTest - APP 기록 중... 번호: 14657
2026-02-04 16:45:34.869 [main] INFO  log_rotating.LogRotateTest - APP 기록 중... 번호: 14658
2026-02-04 16:45:34.871 [main] INFO  log_rotating.LogRotateTest - APP 기록 중... 번호: 14659
2026-02-04 16:45:34.873 [main] INFO  log_rotating.LogRotateTest - APP 기록 중... 번호: 14660
2026-02-04 16:45:34.875 [main] INFO  log_rotating.LogRotateTest - APP 기록 중... 번호: 14661
2026-02-04 16:45:34.877 [main] INFO  log_rotating.LogRotateTest - APP 기록 중... 번호: 14662
2026-02-04 16:45:34.879 [main] INFO  log_rotating.LogRotateTest - APP 기록 중... 번호: 14663
2026-02-04 16:45:34.881 [main] INFO  log_rotating.LogRotateTest - APP 기록 중... 번호: 14664
2026-02-04 16:45:34.883 [main] INFO  log_rotating.LogRotateTest - APP 기록 중... 번호: 14665
2026-02-04 16:45:34.885 [main] INFO  log_rotating.LogRotateTest - APP 기록 중... 번호: 14666
2026-02-04 16:45:34.887 [main] INFO  log_rotating.LogRotateTest - APP 기록 중... 번호: 14667
2026-02-04 16:45:34.889 [main] INFO  log_rotating.LogRotateTest - APP 기록 중... 번호: 14668
2026-02-04 16:45:34.892 [main] INFO  log_rotating.LogRotateTest - APP 기록 중... 번호: 14669
2026-02-04 16:45:34.894 [main] INFO  log_rotating.LogRotateTest - APP 기록 중... 번호: 14670
2026-02-04 16:45:34.896 [main] INFO  log_rotating.LogRotateTest - APP 기록 중... 번호: 14671
2026-02-04 16:45:34.898 [main] INFO  log_rotating.LogRotateTest - APP 기록 중... 번호: 14672
2026-02-04 16:45:34.900 [main] INFO  log_rotating.LogRotateTest - APP 기록 중... 번호: 14673
2026-02-04 16:45:34.902 [main] INFO  log_rotating.LogRotateTest - APP 기록 중... 번호: 14674
2026-02-04 16:45:34.904 [main] INFO  log_rotating.LogRotateTest - APP 기록 중... 번호: 14675
2026-02-04 16:45:34.906 [main] INFO  log_rotating.LogRotateTest - APP 기록 중... 번호: 14676
2026-02-04 16:45:34.908 [main] INFO  log_rotating.LogRotateTest - APP 기록 중... 번호: 14677
2026-02-04 16:45:34.910 [main] INFO  log_rotating.LogRotateTest - APP 기록 중... 번호: 14678
2026-02-04 16:45:34.912 [main] INFO  log_rotating.LogRotateTest - APP 기록 중... 번호: 14679
2026-02-04 16:45:34.915 [main] INFO  log_rotating.LogRotateTest - APP 기록 중... 번호: 14680
2026-02-04 16:45:34.917 [main] INFO  log_rotating.LogRotateTest - APP 기록 중... 번호: 14681
2026-02-04 16:45:34.919 [main] INFO  log_rotating.LogRotateTest - APP 기록 중... 번호: 14682
2026-02-04 16:45:34.921 [main] INFO  log_rotating.LogRotateTest - APP 기록 중... 번호: 14683
2026-02-04 16:45:34.923 [main] INFO  log_rotating.LogRotateTest - APP 기록 중... 번호: 14684
2026-02-04 16:45:34.925 [main] INFO  log_rotating.LogRotateTest - APP 기록 중... 번호: 14685
2026-02-04 16:45:34.927 [main] INFO  log_rotating.LogRotateTest - APP 기록 중... 번호: 14686
2026-02-04 16:45:34.929 [main] INFO  log_rotating.LogRotateTest - APP 기록 중... 번호: 14687
2026-02-04 16:45:34.931 [main] INFO  log_rotating.LogRotateTest - APP 기록 중... 번호: 14688
2026-02-04 16:45:34.933 [main] INFO  log_rotating.LogRotateTest - APP 기록 중... 번호: 14689
2026-02-04 16:45:34.936 [main] INFO  log_rotating.LogRotateTest - APP 기록 중... 번호: 14690
2026-02-04 16:45:34.938 [main] INFO  log_rotating.LogRotateTest - APP 기록 중... 번호: 14691
2026-02-04 16:45:34.940 [main] INFO  log_rotating.LogRotateTest - APP 기록 중... 번호: 14692
2026-02-04 16:45:34.943 [main] INFO  log_rotating.LogRotateTest - APP 기록 중... 번호: 14693
2026-02-04 16:45:34.945 [main] INFO  log_rotating.LogRotateTest - APP 기록 중... 번호: 14694
2026-02-04 16:45:34.947 [main] INFO  log_rotating.LogRotateTest - APP 기록 중... 번호: 14695
2026-02-04 16:45:34.949 [main] INFO  log_rotating.LogRotateTest - APP 기록 중... 번호: 14696
2026-02-04 16:45:34.950 [main] INFO  log_rotating.LogRotateTest - APP 기록 중... 번호: 14697
2026-02-04 16:45:34.952 [main] INFO  log_rotating.LogRotateTest - APP 기록 중... 번호: 14698
2026-02-04 16:45:34.955 [main] INFO  log_rotating.LogRotateTest - APP 기록 중... 번호: 14699
2026-02-04 16:45:34.957 [main] INFO  log_rotating.LogRotateTest - APP 기록 중... 번호: 14700
2026-02-04 16:45:34.964 [main] INFO  log_rotating.LogRotateTest - APP 기록 중... 번호: 14701
2026-02-04 16:45:34.967 [main] INFO  log_rotating.LogRotateTest - APP 기록 중... 번호: 14702
2026-02-04 16:45:34.969 [main] INFO  log_rotating.LogRotateTest - APP 기록 중... 번호: 14703
2026-02-04 16:45:34.972 [main] INFO  log_rotating.LogRotateTest - APP 기록 중... 번호: 14704
2026-02-04 16:45:34.975 [main] INFO  log_rotating.LogRotateTest - APP 기록 중... 번호: 14705
2026-02-04 16:45:34.977 [main] INFO  log_rotating.LogRotateTest - APP 기록 중... 번호: 14706
2026-02-04 16:45:34.979 [main] INFO  log_rotating.LogRotateTest - APP 기록 중... 번호: 14707
2026-02-04 16:45:34.981 [main] INFO  log_rotating.LogRotateTest - APP 기록 중... 번호: 14708
2026-02-04 16:45:34.983 [main] INFO  log_rotating.LogRotateTest - APP 기록 중... 번호: 14709
2026-02-04 16:45:34.985 [main] INFO  log_rotating.LogRotateTest - APP 기록 중... 번호: 14710
2026-02-04 16:45:34.988 [main] INFO  log_rotating.LogRotateTest - APP 기록 중... 번호: 14711
2026-02-04 16:45:34.990 [main] INFO  log_rotating.LogRotateTest - APP 기록 중... 번호: 14712
2026-02-04 16:45:34.993 [main] INFO  log_rotating.LogRotateTest - APP 기록 중... 번호: 14713
2026-02-04 16:45:34.995 [main] INFO  log_rotating.LogRotateTest - APP 기록 중... 번호: 14714
2026-02-04 16:45:34.997 [main] INFO  log_rotating.LogRotateTest - APP 기록 중... 번호: 14715
2026-02-04 16:45:34.998 [main] INFO  log_rotating.LogRotateTest - APP 기록 중... 번호: 14716
2026-02-04 16:45:35.001 [main] INFO  log_rotating.LogRotateTest - APP 기록 중... 번호: 14717
2026-02-04 16:45:35.004 [main] INFO  log_rotating.LogRotateTest - APP 기록 중... 번호: 14718
2026-02-04 16:45:35.006 [main] INFO  log_rotating.LogRotateTest - APP 기록 중... 번호: 14719
2026-02-04 16:45:35.009 [main] INFO  log_rotating.LogRotateTest - APP 기록 중... 번호: 14720
2026-02-04 16:45:35.011 [main] INFO  log_rotating.LogRotateTest - APP 기록 중... 번호: 14721
2026-02-04 16:45:35.014 [main] INFO  log_rotating.LogRotateTest - APP 기록 중... 번호: 14722
2026-02-04 16:45:35.016 [main] INFO  log_rotating.LogRotateTest - APP 기록 중... 번호: 14723
2026-02-04 16:45:35.018 [main] INFO  log_rotating.LogRotateTest - APP 기록 중... 번호: 14724
2026-02-04 16:45:35.020 [main] INFO  log_rotating.LogRotateTest - APP 기록 중... 번호: 14725
2026-02-04 16:45:35.022 [main] INFO  log_rotating.LogRotateTest - APP 기록 중... 번호: 14726
2026-02-04 16:45:35.024 [main] INFO  log_rotating.LogRotateTest - APP 기록 중... 번호: 14727
2026-02-04 16:45:35.026 [main] INFO  log_rotating.LogRotateTest - APP 기록 중... 번호: 14728
2026-02-04 16:45:35.028 [main] INFO  log_rotating.LogRotateTest - APP 기록 중... 번호: 14729
2026-02-04 16:45:35.031 [main] INFO  log_rotating.LogRotateTest - APP 기록 중... 번호: 14730
2026-02-04 16:45:35.033 [main] INFO  log_rotating.LogRotateTest - APP 기록 중... 번호: 14731
2026-02-04 16:45:35.035 [main] INFO  log_rotating.LogRotateTest - APP 기록 중... 번호: 14732
2026-02-04 16:45:35.037 [main] INFO  log_rotating.LogRotateTest - APP 기록 중... 번호: 14733
2026-02-04 16:45:35.039 [main] INFO  log_rotating.LogRotateTest - APP 기록 중... 번호: 14734
2026-02-04 16:45:35.041 [main] INFO  log_rotating.LogRotateTest - APP 기록 중... 번호: 14735
2026-02-04 16:45:35.043 [main] INFO  log_rotating.LogRotateTest - APP 기록 중... 번호: 14736
2026-02-04 16:45:35.046 [main] INFO  log_rotating.LogRotateTest - APP 기록 중... 번호: 14737
2026-02-04 16:45:35.049 [main] INFO  log_rotating.LogRotateTest - APP 기록 중... 번호: 14738
2026-02-04 16:45:35.051 [main] INFO  log_rotating.LogRotateTest - APP 기록 중... 번호: 14739
2026-02-04 16:45:35.053 [main] INFO  log_rotating.LogRotateTest - APP 기록 중... 번호: 14740
2026-02-04 16:45:35.055 [main] INFO  log_rotating.LogRotateTest - APP 기록 중... 번호: 14741
2026-02-04 16:45:35.057 [main] INFO  log_rotating.LogRotateTest - APP 기록 중... 번호: 14742
2026-02-04 16:45:35.059 [main] INFO  log_rotating.LogRotateTest - APP 기록 중... 번호: 14743
2026-02-04 16:45:35.061 [main] INFO  log_rotating.LogRotateTest - APP 기록 중... 번호: 14744
2026-02-04 16:45:35.063 [main] INFO  log_rotating.LogRotateTest - APP 기록 중... 번호: 14745
2026-02-04 16:45:35.065 [main] INFO  log_rotating.LogRotateTest - APP 기록 중... 번호: 14746
2026-02-04 16:45:35.067 [main] INFO  log_rotating.LogRotateTest - APP 기록 중... 번호: 14747
2026-02-04 16:45:35.070 [main] INFO  log_rotating.LogRotateTest - APP 기록 중... 번호: 14748
2026-02-04 16:45:35.072 [main] INFO  log_rotating.LogRotateTest - APP 기록 중... 번호: 14749
2026-02-04 16:45:35.074 [main] INFO  log_rotating.LogRotateTest - APP 기록 중... 번호: 14750
2026-02-04 16:45:35.076 [main] INFO  log_rotating.LogRotateTest - APP 기록 중... 번호: 14751
2026-02-04 16:45:35.078 [main] INFO  log_rotating.LogRotateTest - APP 기록 중... 번호: 14752
2026-02-04 16:45:35.080 [main] INFO  log_rotating.LogRotateTest - APP 기록 중... 번호: 14753
2026-02-04 16:45:35.082 [main] INFO  log_rotating.LogRotateTest - APP 기록 중... 번호: 14754
2026-02-04 16:45:35.084 [main] INFO  log_rotating.LogRotateTest - APP 기록 중... 번호: 14755
2026-02-04 16:45:35.086 [main] INFO  log_rotating.LogRotateTest - APP 기록 중... 번호: 14756
2026-02-04 16:45:35.088 [main] INFO  log_rotating.LogRotateTest - APP 기록 중... 번호: 14757
2026-02-04 16:45:35.090 [main] INFO  log_rotating.LogRotateTest - APP 기록 중... 번호: 14758
2026-02-04 16:45:35.092 [main] INFO  log_rotating.LogRotateTest - APP 기록 중... 번호: 14759
2026-02-04 16:45:35.094 [main] INFO  log_rotating.LogRotateTest - APP 기록 중... 번호: 14760
2026-02-04 16:45:35.096 [main] INFO  log_rotating.LogRotateTest - APP 기록 중... 번호: 14761
2026-02-04 16:45:35.098 [main] INFO  log_rotating.LogRotateTest - APP 기록 중... 번호: 14762
2026-02-04 16:45:35.100 [main] INFO  log_rotating.LogRotateTest - APP 기록 중... 번호: 14763
2026-02-04 16:45:35.103 [main] INFO  log_rotating.LogRotateTest - APP 기록 중... 번호: 14764
2026-02-04 16:45:35.105 [main] INFO  log_rotating.LogRotateTest - APP 기록 중... 번호: 14765
2026-02-04 16:45:35.107 [main] INFO  log_rotating.LogRotateTest - APP 기록 중... 번호: 14766
2026-02-04 16:45:35.109 [main] INFO  log_rotating.LogRotateTest - APP 기록 중... 번호: 14767
2026-02-04 16:45:35.111 [main] INFO  log_rotating.LogRotateTest - APP 기록 중... 번호: 14768
2026-02-04 16:45:35.113 [main] INFO  log_rotating.LogRotateTest - APP 기록 중... 번호: 14769
2026-02-04 16:45:35.115 [main] INFO  log_rotating.LogRotateTest - APP 기록 중... 번호: 14770
2026-02-04 16:45:35.118 [main] INFO  log_rotating.LogRotateTest - APP 기록 중... 번호: 14771
2026-02-04 16:45:35.120 [main] INFO  log_rotating.LogRotateTest - APP 기록 중... 번호: 14772
2026-02-04 16:45:35.122 [main] INFO  log_rotating.LogRotateTest - APP 기록 중... 번호: 14773
2026-02-04 16:45:35.124 [main] INFO  log_rotating.LogRotateTest - APP 기록 중... 번호: 14774
2026-02-04 16:45:35.126 [main] INFO  log_rotating.LogRotateTest - APP 기록 중... 번호: 14775
2026-02-04 16:45:35.128 [main] INFO  log_rotating.LogRotateTest - APP 기록 중... 번호: 14776
2026-02-04 16:45:35.130 [main] INFO  log_rotating.LogRotateTest - APP 기록 중... 번호: 14777
2026-02-04 16:45:35.132 [main] INFO  log_rotating.LogRotateTest - APP 기록 중... 번호: 14778
2026-02-04 16:45:35.134 [main] INFO  log_rotating.LogRotateTest - APP 기록 중... 번호: 14779
2026-02-04 16:45:35.136 [main] INFO  log_rotating.LogRotateTest - APP 기록 중... 번호: 14780
2026-02-04 16:45:35.138 [main] INFO  log_rotating.LogRotateTest - APP 기록 중... 번호: 14781
2026-02-04 16:45:35.140 [main] INFO  log_rotating.LogRotateTest - APP 기록 중... 번호: 14782
2026-02-04 16:45:35.142 [main] INFO  log_rotating.LogRotateTest - APP 기록 중... 번호: 14783
2026-02-04 16:45:35.144 [main] INFO  log_rotating.LogRotateTest - APP 기록 중... 번호: 14784
2026-02-04 16:45:35.147 [main] INFO  log_rotating.LogRotateTest - APP 기록 중... 번호: 14785
2026-02-04 16:45:35.149 [main] INFO  log_rotating.LogRotateTest - APP 기록 중... 번호: 14786
2026-02-04 16:45:35.150 [main] INFO  log_rotating.LogRotateTest - APP 기록 중... 번호: 14787
2026-02-04 16:45:35.152 [main] INFO  log_rotating.LogRotateTest - APP 기록 중... 번호: 14788
2026-02-04 16:45:35.154 [main] INFO  log_rotating.LogRotateTest - APP 기록 중... 번호: 14789
2026-02-04 16:45:35.156 [main] INFO  log_rotating.LogRotateTest - APP 기록 중... 번호: 14790
2026-02-04 16:45:35.159 [main] INFO  log_rotating.LogRotateTest - APP 기록 중... 번호: 14791
2026-02-04 16:45:35.161 [main] INFO  log_rotating.LogRotateTest - APP 기록 중... 번호: 14792
2026-02-04 16:45:35.164 [main] INFO  log_rotating.LogRotateTest - APP 기록 중... 번호: 14793
2026-02-04 16:45:35.166 [main] INFO  log_rotating.LogRotateTest - APP 기록 중... 번호: 14794
2026-02-04 16:45:35.168 [main] INFO  log_rotating.LogRotateTest - APP 기록 중... 번호: 14795
2026-02-04 16:45:35.171 [main] INFO  log_rotating.LogRotateTest - APP 기록 중... 번호: 14796
2026-02-04 16:45:35.173 [main] INFO  log_rotating.LogRotateTest - APP 기록 중... 번호: 14797
2026-02-04 16:45:35.176 [main] INFO  log_rotating.LogRotateTest - APP 기록 중... 번호: 14798
2026-02-04 16:45:35.178 [main] INFO  log_rotating.LogRotateTest - APP 기록 중... 번호: 14799
2026-02-04 16:45:35.181 [main] INFO  log_rotating.LogRotateTest - APP 기록 중... 번호: 14800
2026-02-04 16:45:35.184 [main] INFO  log_rotating.LogRotateTest - APP 기록 중... 번호: 14801
2026-02-04 16:45:35.186 [main] INFO  log_rotating.LogRotateTest - APP 기록 중... 번호: 14802
2026-02-04 16:45:35.188 [main] INFO  log_rotating.LogRotateTest - APP 기록 중... 번호: 14803
2026-02-04 16:45:35.190 [main] INFO  log_rotating.LogRotateTest - APP 기록 중... 번호: 14804
2026-02-04 16:45:35.193 [main] INFO  log_rotating.LogRotateTest - APP 기록 중... 번호: 14805
2026-02-04 16:45:35.196 [main] INFO  log_rotating.LogRotateTest - APP 기록 중... 번호: 14806
2026-02-04 16:45:35.199 [main] INFO  log_rotating.LogRotateTest - APP 기록 중... 번호: 14807
2026-02-04 16:45:35.201 [main] INFO  log_rotating.LogRotateTest - APP 기록 중... 번호: 14808
2026-02-04 16:45:35.203 [main] INFO  log_rotating.LogRotateTest - APP 기록 중... 번호: 14809
2026-02-04 16:45:35.205 [main] INFO  log_rotating.LogRotateTest - APP 기록 중... 번호: 14810
2026-02-04 16:45:35.207 [main] INFO  log_rotating.LogRotateTest - APP 기록 중... 번호: 14811
2026-02-04 16:45:35.210 [main] INFO  log_rotating.LogRotateTest - APP 기록 중... 번호: 14812
2026-02-04 16:45:35.212 [main] INFO  log_rotating.LogRotateTest - APP 기록 중... 번호: 14813
2026-02-04 16:45:35.214 [main] INFO  log_rotating.LogRotateTest - APP 기록 중... 번호: 14814
2026-02-04 16:45:35.217 [main] INFO  log_rotating.LogRotateTest - APP 기록 중... 번호: 14815
2026-02-04 16:45:35.219 [main] INFO  log_rotating.LogRotateTest - APP 기록 중... 번호: 14816
2026-02-04 16:45:35.221 [main] INFO  log_rotating.LogRotateTest - APP 기록 중... 번호: 14817
2026-02-04 16:45:35.223 [main] INFO  log_rotating.LogRotateTest - APP 기록 중... 번호: 14818
2026-02-04 16:45:35.226 [main] INFO  log_rotating.LogRotateTest - APP 기록 중... 번호: 14819
2026-02-04 16:45:35.228 [main] INFO  log_rotating.LogRotateTest - APP 기록 중... 번호: 14820
2026-02-04 16:45:35.230 [main] INFO  log_rotating.LogRotateTest - APP 기록 중... 번호: 14821
2026-02-04 16:45:35.232 [main] INFO  log_rotating.LogRotateTest - APP 기록 중... 번호: 14822
2026-02-04 16:45:35.234 [main] INFO  log_rotating.LogRotateTest - APP 기록 중... 번호: 14823
2026-02-04 16:45:35.236 [main] INFO  log_rotating.LogRotateTest - APP 기록 중... 번호: 14824
2026-02-04 16:45:35.238 [main] INFO  log_rotating.LogRotateTest - APP 기록 중... 번호: 14825
2026-02-04 16:45:35.240 [main] INFO  log_rotating.LogRotateTest - APP 기록 중... 번호: 14826
2026-02-04 16:45:35.242 [main] INFO  log_rotating.LogRotateTest - APP 기록 중... 번호: 14827
2026-02-04 16:45:35.244 [main] INFO  log_rotating.LogRotateTest - APP 기록 중... 번호: 14828
2026-02-04 16:45:35.246 [main] INFO  log_rotating.LogRotateTest - APP 기록 중... 번호: 14829
2026-02-04 16:45:35.248 [main] INFO  log_rotating.LogRotateTest - APP 기록 중... 번호: 14830
2026-02-04 16:45:35.250 [main] INFO  log_rotating.LogRotateTest - APP 기록 중... 번호: 14831
2026-02-04 16:45:35.318 [main] INFO  log_rotating.LogRotateTest - APP 기록 중... 번호: 14832
2026-02-04 16:45:35.320 [main] INFO  log_rotating.LogRotateTest - APP 기록 중... 번호: 14833
2026-02-04 16:45:35.323 [main] INFO  log_rotating.LogRotateTest - APP 기록 중... 번호: 14834
2026-02-04 16:45:35.327 [main] INFO  log_rotating.LogRotateTest - APP 기록 중... 번호: 14835
2026-02-04 16:45:35.329 [main] INFO  log_rotating.LogRotateTest - APP 기록 중... 번호: 14836
2026-02-04 16:45:35.331 [main] INFO  log_rotating.LogRotateTest - APP 기록 중... 번호: 14837
2026-02-04 16:45:35.333 [main] INFO  log_rotating.LogRotateTest - APP 기록 중... 번호: 14838
2026-02-04 16:45:35.336 [main] INFO  log_rotating.LogRotateTest - APP 기록 중... 번호: 14839
2026-02-04 16:45:35.338 [main] INFO  log_rotating.LogRotateTest - APP 기록 중... 번호: 14840
2026-02-04 16:45:35.341 [main] INFO  log_rotating.LogRotateTest - APP 기록 중... 번호: 14841
2026-02-04 16:45:35.343 [main] INFO  log_rotating.LogRotateTest - APP 기록 중... 번호: 14842
2026-02-04 16:45:35.345 [main] INFO  log_rotating.LogRotateTest - APP 기록 중... 번호: 14843
2026-02-04 16:45:35.347 [main] INFO  log_rotating.LogRotateTest - APP 기록 중... 번호: 14844
2026-02-04 16:45:35.349 [main] INFO  log_rotating.LogRotateTest - APP 기록 중... 번호: 14845
2026-02-04 16:45:35.351 [main] INFO  log_rotating.LogRotateTest - APP 기록 중... 번호: 14846
2026-02-04 16:45:35.353 [main] INFO  log_rotating.LogRotateTest - APP 기록 중... 번호: 14847
2026-02-04 16:45:35.355 [main] INFO  log_rotating.LogRotateTest - APP 기록 중... 번호: 14848
2026-02-04 16:45:35.357 [main] INFO  log_rotating.LogRotateTest - APP 기록 중... 번호: 14849
2026-02-04 16:45:35.359 [main] INFO  log_rotating.LogRotateTest - APP 기록 중... 번호: 14850
2026-02-04 16:45:35.361 [main] INFO  log_rotating.LogRotateTest - APP 기록 중... 번호: 14851
2026-02-04 16:45:35.363 [main] INFO  log_rotating.LogRotateTest - APP 기록 중... 번호: 14852
2026-02-04 16:45:35.365 [main] INFO  log_rotating.LogRotateTest - APP 기록 중... 번호: 14853
2026-02-04 16:45:35.367 [main] INFO  log_rotating.LogRotateTest - APP 기록 중... 번호: 14854
2026-02-04 16:45:35.369 [main] INFO  log_rotating.LogRotateTest - APP 기록 중... 번호: 14855
2026-02-04 16:45:35.371 [main] INFO  log_rotating.LogRotateTest - APP 기록 중... 번호: 14856
2026-02-04 16:45:35.373 [main] INFO  log_rotating.LogRotateTest - APP 기록 중... 번호: 14857
2026-02-04 16:45:35.375 [main] INFO  log_rotating.LogRotateTest - APP 기록 중... 번호: 14858
2026-02-04 16:45:35.377 [main] INFO  log_rotating.LogRotateTest - APP 기록 중... 번호: 14859
2026-02-04 16:45:35.379 [main] INFO  log_rotating.LogRotateTest - APP 기록 중... 번호: 14860
2026-02-04 16:45:35.381 [main] INFO  log_rotating.LogRotateTest - APP 기록 중... 번호: 14861
2026-02-04 16:45:35.384 [main] INFO  log_rotating.LogRotateTest - APP 기록 중... 번호: 14862
2026-02-04 16:45:35.387 [main] INFO  log_rotating.LogRotateTest - APP 기록 중... 번호: 14863
2026-02-04 16:45:35.391 [main] INFO  log_rotating.LogRotateTest - APP 기록 중... 번호: 14864
2026-02-04 16:45:35.393 [main] INFO  log_rotating.LogRotateTest - APP 기록 중... 번호: 14865
2026-02-04 16:45:35.395 [main] INFO  log_rotating.LogRotateTest - APP 기록 중... 번호: 14866
2026-02-04 16:45:35.397 [main] INFO  log_rotating.LogRotateTest - APP 기록 중... 번호: 14867
2026-02-04 16:45:35.399 [main] INFO  log_rotating.LogRotateTest - APP 기록 중... 번호: 14868
2026-02-04 16:45:35.401 [main] INFO  log_rotating.LogRotateTest - APP 기록 중... 번호: 14869
2026-02-04 16:45:35.403 [main] INFO  log_rotating.LogRotateTest - APP 기록 중... 번호: 14870
2026-02-04 16:45:35.405 [main] INFO  log_rotating.LogRotateTest - APP 기록 중... 번호: 14871
2026-02-04 16:45:35.407 [main] INFO  log_rotating.LogRotateTest - APP 기록 중... 번호: 14872
2026-02-04 16:45:35.409 [main] INFO  log_rotating.LogRotateTest - APP 기록 중... 번호: 14873
2026-02-04 16:45:35.411 [main] INFO  log_rotating.LogRotateTest - APP 기록 중... 번호: 14874
2026-02-04 16:45:35.413 [main] INFO  log_rotating.LogRotateTest - APP 기록 중... 번호: 14875
2026-02-04 16:45:35.415 [main] INFO  log_rotating.LogRotateTest - APP 기록 중... 번호: 14876
2026-02-04 16:45:35.417 [main] INFO  log_rotating.LogRotateTest - APP 기록 중... 번호: 14877
2026-02-04 16:45:35.419 [main] INFO  log_rotating.LogRotateTest - APP 기록 중... 번호: 14878
2026-02-04 16:45:35.421 [main] INFO  log_rotating.LogRotateTest - APP 기록 중... 번호: 14879
2026-02-04 16:45:35.423 [main] INFO  log_rotating.LogRotateTest - APP 기록 중... 번호: 14880
2026-02-04 16:45:35.491 [main] INFO  log_rotating.LogRotateTest - APP 기록 중... 번호: 14881
2026-02-04 16:45:35.494 [main] INFO  log_rotating.LogRotateTest - APP 기록 중... 번호: 14882
2026-02-04 16:45:35.497 [main] INFO  log_rotating.LogRotateTest - APP 기록 중... 번호: 14883
2026-02-04 16:45:35.500 [main] INFO  log_rotating.LogRotateTest - APP 기록 중... 번호: 14884
2026-02-04 16:45:35.502 [main] INFO  log_rotating.LogRotateTest - APP 기록 중... 번호: 14885
2026-02-04 16:45:35.505 [main] INFO  log_rotating.LogRotateTest - APP 기록 중... 번호: 14886
2026-02-04 16:45:35.507 [main] INFO  log_rotating.LogRotateTest - APP 기록 중... 번호: 14887
2026-02-04 16:45:35.510 [main] INFO  log_rotating.LogRotateTest - APP 기록 중... 번호: 14888
2026-02-04 16:45:35.512 [main] INFO  log_rotating.LogRotateTest - APP 기록 중... 번호: 14889
2026-02-04 16:45:35.515 [main] INFO  log_rotating.LogRotateTest - APP 기록 중... 번호: 14890
2026-02-04 16:45:35.517 [main] INFO  log_rotating.LogRotateTest - APP 기록 중... 번호: 14891
2026-02-04 16:45:35.519 [main] INFO  log_rotating.LogRotateTest - APP 기록 중... 번호: 14892
2026-02-04 16:45:35.522 [main] INFO  log_rotating.LogRotateTest - APP 기록 중... 번호: 14893
2026-02-04 16:45:35.524 [main] INFO  log_rotating.LogRotateTest - APP 기록 중... 번호: 14894
2026-02-04 16:45:35.527 [main] INFO  log_rotating.LogRotateTest - APP 기록 중... 번호: 14895
2026-02-04 16:45:35.529 [main] INFO  log_rotating.LogRotateTest - APP 기록 중... 번호: 14896
2026-02-04 16:45:35.531 [main] INFO  log_rotating.LogRotateTest - APP 기록 중... 번호: 14897
2026-02-04 16:45:35.533 [main] INFO  log_rotating.LogRotateTest - APP 기록 중... 번호: 14898
2026-02-04 16:45:35.536 [main] INFO  log_rotating.LogRotateTest - APP 기록 중... 번호: 14899
2026-02-04 16:45:35.539 [main] INFO  log_rotating.LogRotateTest - APP 기록 중... 번호: 14900
2026-02-04 16:45:35.541 [main] INFO  log_rotating.LogRotateTest - APP 기록 중... 번호: 14901
2026-02-04 16:45:35.543 [main] INFO  log_rotating.LogRotateTest - APP 기록 중... 번호: 14902
2026-02-04 16:45:35.546 [main] INFO  log_rotating.LogRotateTest - APP 기록 중... 번호: 14903
2026-02-04 16:45:35.548 [main] INFO  log_rotating.LogRotateTest - APP 기록 중... 번호: 14904
2026-02-04 16:45:35.550 [main] INFO  log_rotating.LogRotateTest - APP 기록 중... 번호: 14905
2026-02-04 16:45:35.552 [main] INFO  log_rotating.LogRotateTest - APP 기록 중... 번호: 14906
2026-02-04 16:45:35.554 [main] INFO  log_rotating.LogRotateTest - APP 기록 중... 번호: 14907
2026-02-04 16:45:35.557 [main] INFO  log_rotating.LogRotateTest - APP 기록 중... 번호: 14908
2026-02-04 16:45:35.559 [main] INFO  log_rotating.LogRotateTest - APP 기록 중... 번호: 14909
2026-02-04 16:45:35.562 [main] INFO  log_rotating.LogRotateTest - APP 기록 중... 번호: 14910
2026-02-04 16:45:35.564 [main] INFO  log_rotating.LogRotateTest - APP 기록 중... 번호: 14911
2026-02-04 16:45:35.566 [main] INFO  log_rotating.LogRotateTest - APP 기록 중... 번호: 14912
2026-02-04 16:45:35.568 [main] INFO  log_rotating.LogRotateTest - APP 기록 중... 번호: 14913
2026-02-04 16:45:35.570 [main] INFO  log_rotating.LogRotateTest - APP 기록 중... 번호: 14914
2026-02-04 16:45:35.572 [main] INFO  log_rotating.LogRotateTest - APP 기록 중... 번호: 14915
2026-02-04 16:45:35.574 [main] INFO  log_rotating.LogRotateTest - APP 기록 중... 번호: 14916
2026-02-04 16:45:35.576 [main] INFO  log_rotating.LogRotateTest - APP 기록 중... 번호: 14917
2026-02-04 16:45:35.578 [main] INFO  log_rotating.LogRotateTest - APP 기록 중... 번호: 14918
2026-02-04 16:45:35.580 [main] INFO  log_rotating.LogRotateTest - APP 기록 중... 번호: 14919
2026-02-04 16:45:35.583 [main] INFO  log_rotating.LogRotateTest - APP 기록 중... 번호: 14920
2026-02-04 16:45:35.585 [main] INFO  log_rotating.LogRotateTest - APP 기록 중... 번호: 14921
2026-02-04 16:45:35.587 [main] INFO  log_rotating.LogRotateTest - APP 기록 중... 번호: 14922
2026-02-04 16:45:35.589 [main] INFO  log_rotating.LogRotateTest - APP 기록 중... 번호: 14923
2026-02-04 16:45:35.592 [main] INFO  log_rotating.LogRotateTest - APP 기록 중... 번호: 14924
2026-02-04 16:45:35.594 [main] INFO  log_rotating.LogRotateTest - APP 기록 중... 번호: 14925
2026-02-04 16:45:35.596 [main] INFO  log_rotating.LogRotateTest - APP 기록 중... 번호: 14926
2026-02-04 16:45:35.598 [main] INFO  log_rotating.LogRotateTest - APP 기록 중... 번호: 14927
2026-02-04 16:45:35.600 [main] INFO  log_rotating.LogRotateTest - APP 기록 중... 번호: 14928
2026-02-04 16:45:35.601 [main] INFO  log_rotating.LogRotateTest - APP 기록 중... 번호: 14929
2026-02-04 16:45:35.603 [main] INFO  log_rotating.LogRotateTest - APP 기록 중... 번호: 14930
2026-02-04 16:45:35.605 [main] INFO  log_rotating.LogRotateTest - APP 기록 중... 번호: 14931
2026-02-04 16:45:35.607 [main] INFO  log_rotating.LogRotateTest - APP 기록 중... 번호: 14932
2026-02-04 16:45:35.610 [main] INFO  log_rotating.LogRotateTest - APP 기록 중... 번호: 14933
2026-02-04 16:45:35.612 [main] INFO  log_rotating.LogRotateTest - APP 기록 중... 번호: 14934
2026-02-04 16:45:35.614 [main] INFO  log_rotating.LogRotateTest - APP 기록 중... 번호: 14935
2026-02-04 16:45:35.616 [main] INFO  log_rotating.LogRotateTest - APP 기록 중... 번호: 14936
2026-02-04 16:45:35.618 [main] INFO  log_rotating.LogRotateTest - APP 기록 중... 번호: 14937
2026-02-04 16:45:35.620 [main] INFO  log_rotating.LogRotateTest - APP 기록 중... 번호: 14938
2026-02-04 16:45:35.622 [main] INFO  log_rotating.LogRotateTest - APP 기록 중... 번호: 14939
2026-02-04 16:45:35.624 [main] INFO  log_rotating.LogRotateTest - APP 기록 중... 번호: 14940
2026-02-04 16:45:35.626 [main] INFO  log_rotating.LogRotateTest - APP 기록 중... 번호: 14941
2026-02-04 16:45:35.628 [main] INFO  log_rotating.LogRotateTest - APP 기록 중... 번호: 14942
2026-02-04 16:45:35.630 [main] INFO  log_rotating.LogRotateTest - APP 기록 중... 번호: 14943
2026-02-04 16:45:35.632 [main] INFO  log_rotating.LogRotateTest - APP 기록 중... 번호: 14944
2026-02-04 16:45:35.634 [main] INFO  log_rotating.LogRotateTest - APP 기록 중... 번호: 14945
2026-02-04 16:45:35.636 [main] INFO  log_rotating.LogRotateTest - APP 기록 중... 번호: 14946
2026-02-04 16:45:35.639 [main] INFO  log_rotating.LogRotateTest - APP 기록 중... 번호: 14947
2026-02-04 16:45:35.641 [main] INFO  log_rotating.LogRotateTest - APP 기록 중... 번호: 14948
2026-02-04 16:45:35.643 [main] INFO  log_rotating.LogRotateTest - APP 기록 중... 번호: 14949
2026-02-04 16:45:35.645 [main] INFO  log_rotating.LogRotateTest - APP 기록 중... 번호: 14950
2026-02-04 16:45:35.647 [main] INFO  log_rotating.LogRotateTest - APP 기록 중... 번호: 14951
2026-02-04 16:45:35.649 [main] INFO  log_rotating.LogRotateTest - APP 기록 중... 번호: 14952
2026-02-04 16:45:35.651 [main] INFO  log_rotating.LogRotateTest - APP 기록 중... 번호: 14953
2026-02-04 16:45:35.653 [main] INFO  log_rotating.LogRotateTest - APP 기록 중... 번호: 14954
2026-02-04 16:45:35.656 [main] INFO  log_rotating.LogRotateTest - APP 기록 중... 번호: 14955
2026-02-04 16:45:35.658 [main] INFO  log_rotating.LogRotateTest - APP 기록 중... 번호: 14956
2026-02-04 16:45:35.660 [main] INFO  log_rotating.LogRotateTest - APP 기록 중... 번호: 14957
2026-02-04 16:45:35.662 [main] INFO  log_rotating.LogRotateTest - APP 기록 중... 번호: 14958
2026-02-04 16:45:35.664 [main] INFO  log_rotating.LogRotateTest - APP 기록 중... 번호: 14959
2026-02-04 16:45:35.666 [main] INFO  log_rotating.LogRotateTest - APP 기록 중... 번호: 14960
2026-02-04 16:45:35.669 [main] INFO  log_rotating.LogRotateTest - APP 기록 중... 번호: 14961
2026-02-04 16:45:35.672 [main] INFO  log_rotating.LogRotateTest - APP 기록 중... 번호: 14962
2026-02-04 16:45:35.674 [main] INFO  log_rotating.LogRotateTest - APP 기록 중... 번호: 14963
2026-02-04 16:45:35.677 [main] INFO  log_rotating.LogRotateTest - APP 기록 중... 번호: 14964
2026-02-04 16:45:35.679 [main] INFO  log_rotating.LogRotateTest - APP 기록 중... 번호: 14965
2026-02-04 16:45:35.681 [main] INFO  log_rotating.LogRotateTest - APP 기록 중... 번호: 14966
2026-02-04 16:45:35.683 [main] INFO  log_rotating.LogRotateTest - APP 기록 중... 번호: 14967
2026-02-04 16:45:35.685 [main] INFO  log_rotating.LogRotateTest - APP 기록 중... 번호: 14968
2026-02-04 16:45:35.687 [main] INFO  log_rotating.LogRotateTest - APP 기록 중... 번호: 14969
2026-02-04 16:45:35.689 [main] INFO  log_rotating.LogRotateTest - APP 기록 중... 번호: 14970
2026-02-04 16:45:35.691 [main] INFO  log_rotating.LogRotateTest - APP 기록 중... 번호: 14971
2026-02-04 16:45:35.693 [main] INFO  log_rotating.LogRotateTest - APP 기록 중... 번호: 14972
2026-02-04 16:45:35.695 [main] INFO  log_rotating.LogRotateTest - APP 기록 중... 번호: 14973
2026-02-04 16:45:35.697 [main] INFO  log_rotating.LogRotateTest - APP 기록 중... 번호: 14974
2026-02-04 16:45:35.700 [main] INFO  log_rotating.LogRotateTest - APP 기록 중... 번호: 14975
2026-02-04 16:45:35.703 [main] INFO  log_rotating.LogRotateTest - APP 기록 중... 번호: 14976
2026-02-04 16:45:35.705 [main] INFO  log_rotating.LogRotateTest - APP 기록 중... 번호: 14977
2026-02-04 16:45:35.707 [main] INFO  log_rotating.LogRotateTest - APP 기록 중... 번호: 14978
2026-02-04 16:45:35.710 [main] INFO  log_rotating.LogRotateTest - APP 기록 중... 번호: 14979
2026-02-04 16:45:35.713 [main] INFO  log_rotating.LogRotateTest - APP 기록 중... 번호: 14980
2026-02-04 16:45:35.715 [main] INFO  log_rotating.LogRotateTest - APP 기록 중... 번호: 14981
2026-02-04 16:45:35.718 [main] INFO  log_rotating.LogRotateTest - APP 기록 중... 번호: 14982
2026-02-04 16:45:35.720 [main] INFO  log_rotating.LogRotateTest - APP 기록 중... 번호: 14983
2026-02-04 16:45:35.721 [main] INFO  log_rotating.LogRotateTest - APP 기록 중... 번호: 14984
2026-02-04 16:45:35.723 [main] INFO  log_rotating.LogRotateTest - APP 기록 중... 번호: 14985
2026-02-04 16:45:35.726 [main] INFO  log_rotating.LogRotateTest - APP 기록 중... 번호: 14986
2026-02-04 16:45:35.729 [main] INFO  log_rotating.LogRotateTest - APP 기록 중... 번호: 14987
2026-02-04 16:45:35.732 [main] INFO  log_rotating.LogRotateTest - APP 기록 중... 번호: 14988
2026-02-04 16:45:35.735 [main] INFO  log_rotating.LogRotateTest - APP 기록 중... 번호: 14989
2026-02-04 16:45:35.737 [main] INFO  log_rotating.LogRotateTest - APP 기록 중... 번호: 14990
2026-02-04 16:45:35.740 [main] INFO  log_rotating.LogRotateTest - APP 기록 중... 번호: 14991
2026-02-04 16:45:35.742 [main] INFO  log_rotating.LogRotateTest - APP 기록 중... 번호: 14992
2026-02-04 16:45:35.744 [main] INFO  log_rotating.LogRotateTest - APP 기록 중... 번호: 14993
2026-02-04 16:45:35.746 [main] INFO  log_rotating.LogRotateTest - APP 기록 중... 번호: 14994
2026-02-04 16:45:35.748 [main] INFO  log_rotating.LogRotateTest - APP 기록 중... 번호: 14995
2026-02-04 16:45:35.751 [main] INFO  log_rotating.LogRotateTest - APP 기록 중... 번호: 14996
2026-02-04 16:45:35.754 [main] INFO  log_rotating.LogRotateTest - APP 기록 중... 번호: 14997
2026-02-04 16:45:35.756 [main] INFO  log_rotating.LogRotateTest - APP 기록 중... 번호: 14998
2026-02-04 16:45:35.758 [main] INFO  log_rotating.LogRotateTest - APP 기록 중... 번호: 14999
2026-02-04 16:45:35.760 [main] INFO  log_rotating.LogRotateTest - APP 기록 중... 번호: 15000
